XXV

epithymum [23,15]3 0108100108 15, 26, erisipelatodoe 15, 21. 25. Fasiauua [23, 30], ·
0000101008 11,11.14,33.1.5,4.17,34.18,22,1101)οω11101·011,3.13,10.15,
[23,16.27],11031110 14, 12.17.19.26,16,24.28,17,33,11001110[22,11.1.51,
23,5],11031001,10118 8,3.14,2,110001011008 16, 31· 11031000 13, 24. 32, 20, 3,
11000818 20, 21. (10111108 000013,30.1οι10011111010818 10, 24· 1110118 3,2.Ῑ,01100801111110
.1, 11. 10, 20, lipoperiodea 11, 5. 1110011103οη 21, 18, numinum [22, 23], mastix
10, 15 [23, 2], mela 3, 13. 10, 13 [23, 12], melancholicus 13, 2. 22, 14, 22
[22, 12. 16], 100111οι0 21, 22. 23, melinus 10, 14. 16, 10010008 1, 4, 0101000110οω
1, ⁴3 murra 12, 19. 21. 24. Nardi 12, 3ο, nardinus 0, 2. 10,'0. ιο. 14. 10,
nau-(luae 10, 15. 00το 7, 15, 8111100111 7, 32, 001111οἰ0118 8, 28. 16, 6, opium 13, 25.
21, 18. 19. 20. 21. 22. 23. 24. 26, 010κί8 5, 23, origanum 12, 20, oxy-basum 2, 13,
oxymellis nominativo 3, 17. 12, 33, genetivo 11, 16, 08)·100110 0000801180 13, 26. 28,
‚en Ros. 125. 218, oxy rodinum 21, 13. 21.· ·Ρο0110111118 17, ,5, paralysis 13, 23,
pausare 3, 31. 11, 28. 12, 3. 14,,27 [23, 4] 11.·253, pausatio [24, 21, penmmymn
[22, 23]; periodicas 13, 253 petroselinum [23, 7], 0111010011· 13, 16, pirum 10, 19;
010111οή008 3, 20. 21, polytrorus 21, 83 porus 4, 23. 3, 6, ,1800010100ωο 10, 30,

ptysana 1, 4. 11. 18, 2, 28. 3,· 3. 0, ιο. 11, 15. 12, 3ο. 18, 24. 13, 21, pymtms ' '

13, 28. 1111100118 14, 113 reuma 3, 33. Scin-us 15, 7, senape 12, 21. 13, 16, Sicyonius
olous 18, 31, 80081111 17, 26, sperma 03011 13, 30, storea 14, 15. 16, 11, 8113110818
9, 3. 20. 21, stomachus 10, 10. 12. 13, 11,13. 18, 15 [22, 11. 13], storax 21, 26,
styptious 3, 18. 22, 5, 10. 11, 8, 25. 10, 21. 26, 18, 31. 20, 13, sycamina 1, 53
sycomora 1, 53 symptoma 6, 25. 7, 3, syncopoe 18, 13. 243 13, 32. 34, 20, 5. 7.
. 19. 2ο, mochus 11, 223 14, 13. 14. 18. 28. 31. 32. 33, 18, 27. 301201. 12,
23, 2413 syntaxis 4, 1. 5, 18. 18, 8. Thorax 17, 28, 'tyrim 1000801818, 23,
typicus 14, 14. 153 typus 14, 26. 23, 16, 27. 30, tyrodes 11, 6. Υο80111011108 21, 24,
ypuoticou 21, 18. 21. 23, ypoeistis 10, 16, 1110001111ήο plur.4,17.10,43 00111.81113.

12, 28· 18, 7. 18, ymen-07, 143 ypostasis 7,21. 23. 203 17, 28· ysopus 12 30.

Vocon Louna notabiles.

Α11808 purpurae 10, 8,· 0011100100 potio 3, 25, adeps 300. 10080. 10, 23, Ros.
118, 213, agere mitius 13, 8, 03101000 [23, 12], 01100 10, 13. 13, 22. 20, 15,
alienatio -·--- delirium 15, 13. 17, 22. 18, 3, amaricat-0 [24, 1] 11. 162, angustiare
18, 24. '21, 29, 11. 163, 00180011οτ03 procedere, progredi 6, 30, 0000118811οω 3, 12,
aquosior 1, 7, 08011111Ιὶ8 10, 20, augmentare 3, 11. Causa = morbus 14, 11. 15, 5.
16, 6, causa aegritudinis 13, 8, cf. R. 306, Ros. 2143 cibare 12, 25, R. 1543 cireafio
[22, 1913 cognitio=signum 11, 13 00311080οω 110 [23, 24], 0001100110 18, 29, ῐῐ.71,
canapinam 3, 7, 00ttidimus==00ttidia1u1 febris 14, 21. [1001011111οῑ0 3, 23, ct. 11. 38,

XV

