orthogss'aphios.

vocalium pemnui Ιο.

A=·-E (8211821181111.Ῑ,213,1112118211.463)· 8118118118 2, 27. E=A (S.1, 194.
111, 101>.1»tyse11asl, 17 [1)’82118 23, 13, exungia 22, 21,21·.11118. 1221..

A==O(S.1, 172.184). 1212818, 12 [8111182118 22 7. 12. 14, 23, 24].

ΔΕ = E (S. 1, 388): oonpraehendit 9, 21, ,111011082212 21, 7 81111. [mhi-ienis 22,
6, 8]. E-——AE (S. 1, 224 8211. Β. 463), que 3, 32. 6, 6. 8, 7, quoque 13, 24,
quedam 5, s [effimerd 22, η, dieta 13,11. 14, 11. 111. 18. 17, 20. 21, 7, Greci ⁴, 1.
9, 17. 10, 30. 14, 15. 17, 8. 18, 24 [22, 20], ledere 4,· 8. t», 17. ιι, 27. 111, 34,
pene 4, 13, prestat 13, 31, querens 4, 17.

E=1 (8.11, 1 seq. 111, 163 s.11.463): 1113121215, s. 22; 14, 31η metus 1, ἰς
2112211οε iniectio 10, 22 [expleuit 24, 6, 1121221128 22, 17. 23, 14], mineum 2, 16,
0012882111 16, 28 [Ρ218228 23, 12], 12821181 7, 6, 1282112111 7, 27, 8811121118 1, 111,
8211111111 2, 31. 32 [septenum 22, 19, 8111111128 23, 6], spongea 4, 4. 21, 29 [mfl'ecienter
23, 2], 8111111128 2, 18. 111 Graecis: absentius 16, 7. 12, 14. 32 [22, 20] 21. Ros. 213,
senape 12, 21. 13, 16 cr. 1100. 1211.

Ει--Υ121281112188 16,26,212811121810111816,26,ι12111111 3, 21.

. 1-= Ε (8. 1, 226 s. 111. 112 8. R. 463)· 8218221 3, 29, 82111118 10, 20, 8211110
3, 24. 11, 2. 12, 5, 8821111111 12, ss [hita 23, 29, 2111118210 22, 2ς3] 28118211 4,19
[conlisi-ium 23, 1]· , colligimus 16, 2,112821111181 11, 27· dispansam 3,16,111811118110
6, 10. 17, 26. 21. Ros. 121. 216, disperatus 7, 9 [eligans 23, 36, elimentum 24, 41,
extrinsicus 10, 30, 918111111112111 6, 4 [ho'rdium 22 , 20], intelligam 4, 21 [22, 13],
intrinsicus 2, 21. 16, 26. 29 (111111282288 21, 6), ligamen 2, 22, 1111118112 6, 3 (221108217),
pinna 4, 3, 1111111820 vel pou-iseo 4, 9. 33, 6, 3, poti-icio 11, 7 [1111111111 22, 11. 16,
· 23, 17. 25. 22], sirm 2, 28. ιο, 211, vissio„ 17, 27, vehimus 12, s. ln onmis:
. [8111111111 23, ’9, 8110211118 23, 16], 0111881211 13, 26, 1112111128 13, 21 [afflinem 22, 7.

 

 

